11	10.25, 11.09
13	69.13, 74.39
15	0.00, 0.13
17	218.25, 268.74
19	607.38, 970.04
2	0.13, 0.17
20	1308.75, 2236.52
24	70.25, 218.17
26	0.13, 2.91
28	0.00, 0.04
31	263.75, 569.78
35	0.63, 13.43
37	1021.13, 2672.35
39	14.13, 29.70
4	6.25, 1.57
40	1303.13, 1500.57
42	23.88, 362.91
44	0.00, 0.04
46	672.63, 2217.70
48	54.88, 259.13
51	96.00, 237.83
53	47.13, 113.74
55	0.63, 1.35
59	1.00, 0.96
6	0.88, 0.70
60	13.50, 17.39
62	16.63, 16.43
64	35.63, 36.00
66	52.63, 85.61
68	21.13, 51.26
71	961.75, 1368.74
73	7.75, 19.43
75	15.75, 26.09
77	31.38, 59.52
79	9.38, 7.26
8	4.38, 9.30
80	15.63, 19.52
82	32.63, 136.61
84	58.63, 263.91
86	0.00, 0.26
88	0.13, 0.57
91	4.63, 7.04
95	0.50, 0.52
97	0.88, 0.13
99	12.25, 10.22
